0.010132723 0.010622030 0.010622030 0.010622030 0.010622030 0.010622030 0.011831405 0.011950789 
0.099894284 0.099913812 0.099913812 0.099913812 0.100049517 0.100094780 0.093032017 0.088594131 0.084563507 0.084563507 0.084563507 0.085647204 0.087537372 0.087537372 0.090374953 0.090724044 0.085901197 0.085901197 0.085901197 0.085901197 0.085901197 0.070670537 0.071918926 0.071918926 0.072210987 0.072815820 0.077746511 0.079855576 0.080352175 0.080881246 0.081517115 0.072473762 0.066741892 0.061511492 0.061511492 0.064238741 0.071268374 0.074670339 0.077164095 0.079243445 0.086139924 0.088830201 0.091983508 0.091983508 0.081139946 0.077794886 0.077794809 0.077794809 0.083114430 0.085866642 0.087373516 0.087373516 0.077853088 0.070808851 0.064246670 0.060251208 0.061114941 0.061062128 0.066321474 0.069057807 0.071118240 0.073950647 0.076216152 0.079544414 0.079544414 0.079544414 0.079544414 0.079544414 0.079544414 0.074463085 0.070397138 0.065598535 0.065598535 0.058182760 0.057453717 0.059607043 0.062271216 0.063722368 0.064529837 0.065467840 0.068221686 0.069638338 0.071106889 0.072044255 0.070706710 0.061703057 0.059150910 0.058037441 0.061180350 0.061249687 0.061327738 0.061327738 0.061327684 0.073942520 0.074018590 0.074018519 0.074247390 0.074323615 0.077167090 0.065107208 0.054305298 0.051725420 0.050070239 0.050179998 0.051522364 0.051522364 0.056414814 0.058979809 0.062430016 
0.100909900 0.102557775 0.102557775 0.102546192 0.110270025 
0.102477383 0.102867652 0.105983696 0.106002150 0.116596901 
0.100181242 0.100181385 0.100758450 0.103084272 0.107758598 0.114133072 
0.104829255 0.104829255 0.107484690 0.108618230 0.108618230 0.111105098 
0.102593452 0.102593452 0.102593452 0.107792317 0.127175954 
0.099856147 0.101000152 0.102344842 0.103589797 0.108375257 0.109811433 0.110528992 
0.099390125 0.099615182 0.099715861 0.099704872 0.099716075 0.099716075 0.099716186 0.099818257 0.099818257 0.099818257 0.099818257 0.099818257 0.099840233 0.099840233 0.099840233 0.100995132 0.101260662 0.101898116 0.107561546 0.111826181 
0.099500918 0.099521316 0.099509703 0.099583919 0.099693228 0.099704845 0.099704845 0.099704845 0.099704845 0.099704845 0.099704845 0.099704845 0.099704845 0.099833970 0.099833970 0.099833970 0.103033464 0.103033464 0.103033464 0.103498014 0.105607437 0.105607437 0.111309974 
0.009948734 0.009956071 0.009962286 0.009963365 0.009963362 0.009963402 0.009963402 0.009975823 0.009975956 0.009975956 0.009975969 0.009975969 0.009975969 0.009975969 0.009989305 0.010003985 0.010289654 0.010671684 0.011271381 
0.008643987 0.008238931 0.005795916 0.005106729 0.005440923 0.005458084 0.006202601 0.005807832 0.005615752 0.005067286 0.004023562 0.003846100 0.003754017 0.003534022 0.003434305 0.003306533 0.003689274 0.003658160 0.003415285 0.003272051 0.003272051 0.002891230 0.002833627 0.002833627 0.002741308 0.002595244 0.002595244 0.002611647 0.002941568 0.003529955 0.003692824 0.004300322 0.004674146 0.005145609 0.005839269 0.006610344 0.006610344 0.006610344 0.006610344 0.005214053 0.004447076 0.004125571 0.003945465 0.003371608 0.003172512 0.003172512 0.003172512 0.002871087 0.002783114 0.002710862 0.002710862 0.002710862 0.002753089 0.002753089 0.002753089 0.002753089 0.002766629 0.002766629 0.000076017 0.000269585 0.000172412 0.000047270 0.000019852 0.000010357 0.000110350 0.000000000 0.000014938 0.000000030 0.000000030 0.000000030 0.000004914 0.000000002 0.000000002 0.000009143 0.000005574 0.000000047 0.000000046 0.000000044 0.000004876 0.000000055 0.000007795 0.000000034 0.000000002 0.000004136 0.000001931 0.000000170 0.000003309 0.000001851 0.000001946 0.000001610 0.000000539 0.000005185 0.000000007 0.000002669 0.000010605 0.000000002 0.000000002 0.000000002 0.000001981 0.000000700 0.000000449 0.000010296 0.000004303 0.000002495 0.000274943 0.000000015 0.000049920 0.000000007 0.000000021 0.000003781 0.000000092 0.000000001 0.000009754 0.000000068 0.000000068 0.000000068 0.000000003 0.000199727 0.000011306 0.000004162 0.000002518 0.000002214 0.000002214 0.000002214 0.000002214 0.000002214 0.000002214 0.000002214 0.000015824 0.000004757 0.000004757 0.000004757 0.000004757 0.000004757 0.000004757 0.000004757 0.000004757 0.000004757 0.000004757 0.000004757 0.000004757 0.000004757 0.000004757 0.000004757 0.000004757 0.000004757 0.000004757 0.000004757 0.000004757 0.000004757 0.000004757 0.000004757 0.000004757 0.000004757 0.000004757 0.000004757 0.000004757 0.000004757 0.000004757 0.000004757 0.000004757 0.000004757 0.000004757 0.000004757 0.000004757 0.000004757 0.000004757 0.000004757 0.000004757 0.000004757 0.000004757 0.000004757 0.000004757 0.000004757 0.000004757 0.000004757 0.000004757 0.000004757 0.000004757 0.000004757 0.000004757 0.000004757 0.000004757 0.000004757 0.000004757 0.000004757 0.000004757 0.000004757 0.000004757 0.000004757 0.000004757 0.000004757 0.000004757 0.000004757 0.000004757 0.000004757 0.000004757 0.000004757 0.000004757 0.000004757 0.000004757 0.000004757 0.000004757 0.000004757 0.000004757 0.000004757 0.000004757 0.000004757 0.000004757 0.000004757 0.000004757 0.000004757 0.000004757 0.000004757 0.000004757 0.000004757 0.000004757 0.000004757 0.000004757 0.000004757 
0.009948962 0.010073516 0.010130205 0.010137998 0.010168164 0.010549270 0.011431849 
0.009950065 0.009703949 0.009705121 0.010055477 0.010637487 0.010760488 0.010760488 0.011320153 
0.009950065 0.009951301 0.011366422 
0.009950065 0.010193758 0.010219294 0.010219294 0.010219294 0.010219294 0.010332928 0.010341867 0.010361827 0.010361827 0.010484910 0.010794368 0.010913438 0.011320246 
0.009962086 0.009552735 0.010210449 0.010211666 0.011091961 
0.009950065 0.009950065 0.008047588 
0.009950065 0.009950065 0.009949070 0.009945766 0.009945777 0.009945777 0.010310500 0.010310500 0.009563613 0.009410332 
0.009950098 0.009959047 0.010003429 0.010002428 0.010002428 0.009999094 0.009999094 0.009999094 0.009999094 0.009999105 
0.009951318 0.009970175 0.009976059 0.009976059 0.009998406 0.009998406 0.010014708 0.010014708 0.010190461 0.010190461 
0.009955944 0.009955944 0.009988926 0.009988926 0.009988926 0.009988926 0.010079424 0.010123542 0.010123542 0.010123542 0.010337902 0.011005628 
0.009952484 0.009952484 0.009952484 0.009954539 0.009652605 0.009432856 
0.009950098 0.009977824 0.011037597 0.013415019 0.015178124 
0.009997818 0.010001867 0.010018432 0.010393191 0.013650504 0.014683080 0.007543326 0.006715976 0.006703294 0.006703233 0.006703710 0.006703710 0.006703710 0.006712805 0.006712805 0.006712805 0.006712805 0.006720085 
0.009956827 0.009960855 0.009958420 0.009960357 0.009960357 0.009962311 0.009962311 0.009962311 0.009963419 0.009963419 0.009963972 0.009963972 0.010078351 0.010083920 0.009295095 0.008845975 0.008845236 0.008845236 0.007652903 
0.009950065 0.009968498 0.009977078 0.010027373 0.010191243 0.010247354 0.010257470 0.010257470 0.010279430 0.010284080 0.010274419 0.010167255 0.010189654 0.010197500 0.010203105 0.010237110 0.010258672 0.010264295 0.010296035 0.010308115 
0.010111204 0.011115131 0.011115131 0.011630930 0.012337782 0.012721930 0.012875847 0.010930492 0.010930492 0.010930492 0.011495958 0.011757455 0.012641944 0.012945137 0.013058494 0.011119855 0.011245354 0.011540578 0.011540578 0.011693099 
0.009964374 0.009979480 0.009979480 0.009987589 0.010019956 0.010081693 0.010085390 0.010082060 0.010840422 0.011386135 0.011760259 0.012197217 0.012565034 0.012565034 0.013189271 
0.009950065 0.009954991 0.009974930 0.009980086 0.009980097 0.010010414 0.010037089 0.010033732 0.010037624 0.008764499 0.008603058 0.008446683 0.008451733 0.008462952 0.008462952 0.008462952 0.008469080 0.008469080 0.008499140 
0.009951215 0.009950103 0.009946790 0.009955593 0.009955593 0.009955831 0.009955833 0.009955833 0.009955833 0.010017210 0.010128363 0.010150689 0.010208741 0.010208741 0.010210981 0.010210981 0.010217704 0.010225550 0.010231156 
